%!PS
%%BoundingBox: -83 -69 83 69 
%%HiResBoundingBox: -82.26152 -68.28423 82.26152 68.28423 
%%Creator: MetaPost 0.901
%%CreationDate: 2008.08.13:1539
%%Pages: 1
%*Font: cmr10 9.96265 9.96265 31:ff8
%%BeginProlog
%%EndProlog
%%Page: 1 1
 0 0.5 dtransform truncate idtransform setlinewidth pop [] 0 setdash
 1 setlinecap 1 setlinejoin 10 setmiterlimit
newpath -42.51968 42.51968 moveto
42.51968 42.51968 lineto stroke
 0.5 0 dtransform exch truncate exch idtransform pop setlinewidth
newpath -42.51968 42.51968 moveto
-42.51968 -42.51968 lineto stroke
 0 0.5 dtransform truncate idtransform setlinewidth pop
newpath -42.51968 0 moveto
42.51968 0 lineto stroke
 0.5 0 dtransform exch truncate exch idtransform pop setlinewidth
newpath 0 42.51968 moveto
0 -42.51968 lineto stroke
 0 0.5 dtransform truncate idtransform setlinewidth pop
newpath -42.51968 -42.51968 moveto
42.51968 -42.51968 lineto stroke
 0.5 0 dtransform exch truncate exch idtransform pop setlinewidth
newpath 42.51968 42.51968 moveto
42.51968 -42.51968 lineto stroke
 0 0.5 dtransform truncate idtransform setlinewidth pop
newpath -42.51968 42.51968 moveto
42.51968 -42.51968 lineto stroke
newpath 42.51968 42.51968 moveto
-42.51968 -42.51968 lineto stroke
newpath -42.51968 0 moveto
-42.51622 0.00346 -0.00346 42.51622 0 42.51968 curveto
18.28122 60.8009 42.50664 75.64493 63.77953 63.77953 curveto
98.58606 44.36546 79.13554 -5.90382 42.51968 -42.51968 curveto stroke
newpath -42.51968 0 moveto
-42.51622 -0.00346 -0.00346 -42.51622 0 -42.51968 curveto
18.28122 -60.8009 42.50664 -75.64493 63.77953 -63.77953 curveto
98.58606 -44.36546 79.13554 5.90382 42.51968 42.51968 curveto stroke
newpath 42.51968 0 moveto
42.51622 0.00346 0.00346 42.51622 0 42.51968 curveto
-18.28122 60.8009 -42.50664 75.64493 -63.77953 63.77953 curveto
-98.58606 44.36546 -79.13554 -5.90382 -42.51968 -42.51968 curveto stroke
newpath 42.51968 0 moveto
42.51622 -0.00346 0.00346 -42.51622 0 -42.51968 curveto
-18.28122 -60.8009 -42.50664 -75.64493 -63.77953 -63.77953 curveto
-98.58606 -44.36546 -79.13554 5.90382 -42.51968 42.51968 curveto stroke
newpath -39.5309 42.51968 moveto
-39.5309 43.3124 -39.84586 44.07254 -40.40634 44.63303 curveto
-40.96683 45.19351 -41.72697 45.50847 -42.51968 45.50847 curveto
-43.3124 45.50847 -44.07254 45.19351 -44.63303 44.63303 curveto
-45.19351 44.07254 -45.50847 43.3124 -45.50847 42.51968 curveto
-45.50847 41.72697 -45.19351 40.96683 -44.63303 40.40634 curveto
-44.07254 39.84586 -43.3124 39.5309 -42.51968 39.5309 curveto
-41.72697 39.5309 -40.96683 39.84586 -40.40634 40.40634 curveto
-39.84586 40.96683 -39.5309 41.72697 -39.5309 42.51968 curveto closepath fill
newpath 2.98878 42.51968 moveto
2.98878 43.3124 2.67383 44.07254 2.11334 44.63303 curveto
1.55286 45.19351 0.79271 45.50847 0 45.50847 curveto
-0.79271 45.50847 -1.55286 45.19351 -2.11334 44.63303 curveto
-2.67383 44.07254 -2.98878 43.3124 -2.98878 42.51968 curveto
-2.98878 41.72697 -2.67383 40.96683 -2.11334 40.40634 curveto
-1.55286 39.84586 -0.79271 39.5309 0 39.5309 curveto
0.79271 39.5309 1.55286 39.84586 2.11334 40.40634 curveto
2.67383 40.96683 2.98878 41.72697 2.98878 42.51968 curveto closepath fill
newpath 45.50847 42.51968 moveto
45.50847 43.3124 45.19351 44.07254 44.63303 44.63303 curveto
44.07254 45.19351 43.3124 45.50847 42.51968 45.50847 curveto
41.72697 45.50847 40.96683 45.19351 40.40634 44.63303 curveto
39.84586 44.07254 39.5309 43.3124 39.5309 42.51968 curveto
39.5309 41.72697 39.84586 40.96683 40.40634 40.40634 curveto
40.96683 39.84586 41.72697 39.5309 42.51968 39.5309 curveto
43.3124 39.5309 44.07254 39.84586 44.63303 40.40634 curveto
45.19351 40.96683 45.50847 41.72697 45.50847 42.51968 curveto closepath fill
newpath -39.5309 0 moveto
-39.5309 0.79271 -39.84586 1.55286 -40.40634 2.11334 curveto
-40.96683 2.67383 -41.72697 2.98878 -42.51968 2.98878 curveto
-43.3124 2.98878 -44.07254 2.67383 -44.63303 2.11334 curveto
-45.19351 1.55286 -45.50847 0.79271 -45.50847 0 curveto
-45.50847 -0.79271 -45.19351 -1.55286 -44.63303 -2.11334 curveto
-44.07254 -2.67383 -43.3124 -2.98878 -42.51968 -2.98878 curveto
-41.72697 -2.98878 -40.96683 -2.67383 -40.40634 -2.11334 curveto
-39.84586 -1.55286 -39.5309 -0.79271 -39.5309 0 curveto closepath fill
newpath 2.98878 0 moveto
2.98878 0.79271 2.67383 1.55286 2.11334 2.11334 curveto
1.55286 2.67383 0.79271 2.98878 0 2.98878 curveto
-0.79271 2.98878 -1.55286 2.67383 -2.11334 2.11334 curveto
-2.67383 1.55286 -2.98878 0.79271 -2.98878 0 curveto
-2.98878 -0.79271 -2.67383 -1.55286 -2.11334 -2.11334 curveto
-1.55286 -2.67383 -0.79271 -2.98878 0 -2.98878 curveto
0.79271 -2.98878 1.55286 -2.67383 2.11334 -2.11334 curveto
2.67383 -1.55286 2.98878 -0.79271 2.98878 0 curveto closepath fill
newpath 45.50847 0 moveto
45.50847 0.79271 45.19351 1.55286 44.63303 2.11334 curveto
44.07254 2.67383 43.3124 2.98878 42.51968 2.98878 curveto
41.72697 2.98878 40.96683 2.67383 40.40634 2.11334 curveto
39.84586 1.55286 39.5309 0.79271 39.5309 0 curveto
39.5309 -0.79271 39.84586 -1.55286 40.40634 -2.11334 curveto
40.96683 -2.67383 41.72697 -2.98878 42.51968 -2.98878 curveto
43.3124 -2.98878 44.07254 -2.67383 44.63303 -2.11334 curveto
45.19351 -1.55286 45.50847 -0.79271 45.50847 0 curveto closepath fill
newpath -39.5309 -42.51968 moveto
-39.5309 -41.72697 -39.84586 -40.96683 -40.40634 -40.40634 curveto
-40.96683 -39.84586 -41.72697 -39.5309 -42.51968 -39.5309 curveto
-43.3124 -39.5309 -44.07254 -39.84586 -44.63303 -40.40634 curveto
-45.19351 -40.96683 -45.50847 -41.72697 -45.50847 -42.51968 curveto
-45.50847 -43.3124 -45.19351 -44.07254 -44.63303 -44.63303 curveto
-44.07254 -45.19351 -43.3124 -45.50847 -42.51968 -45.50847 curveto
-41.72697 -45.50847 -40.96683 -45.19351 -40.40634 -44.63303 curveto
-39.84586 -44.07254 -39.5309 -43.3124 -39.5309 -42.51968 curveto closepath fill
newpath 2.98878 -42.51968 moveto
2.98878 -41.72697 2.67383 -40.96683 2.11334 -40.40634 curveto
1.55286 -39.84586 0.79271 -39.5309 0 -39.5309 curveto
-0.79271 -39.5309 -1.55286 -39.84586 -2.11334 -40.40634 curveto
-2.67383 -40.96683 -2.98878 -41.72697 -2.98878 -42.51968 curveto
-2.98878 -43.3124 -2.67383 -44.07254 -2.11334 -44.63303 curveto
-1.55286 -45.19351 -0.79271 -45.50847 0 -45.50847 curveto
0.79271 -45.50847 1.55286 -45.19351 2.11334 -44.63303 curveto
2.67383 -44.07254 2.98878 -43.3124 2.98878 -42.51968 curveto closepath fill
newpath 45.50847 -42.51968 moveto
45.50847 -41.72697 45.19351 -40.96683 44.63303 -40.40634 curveto
44.07254 -39.84586 43.3124 -39.5309 42.51968 -39.5309 curveto
41.72697 -39.5309 40.96683 -39.84586 40.40634 -40.40634 curveto
39.84586 -40.96683 39.5309 -41.72697 39.5309 -42.51968 curveto
39.5309 -43.3124 39.84586 -44.07254 40.40634 -44.63303 curveto
40.96683 -45.19351 41.72697 -45.50847 42.51968 -45.50847 curveto
43.3124 -45.50847 44.07254 -45.19351 44.63303 -44.63303 curveto
45.19351 -44.07254 45.50847 -43.3124 45.50847 -42.51968 curveto closepath fill
-51.68526 46.70396 moveto
(1) cmr10 9.96265 fshow
-2.49065 48.49725 moveto
(2) cmr10 9.96265 fshow
46.70396 46.70396 moveto
(3) cmr10 9.96265 fshow
-53.47855 -3.2102 moveto
(6) cmr10 9.96265 fshow
4.18428 -10.60468 moveto
(5) cmr10 9.96265 fshow
48.49725 -3.2102 moveto
(4) cmr10 9.96265 fshow
-51.68526 -53.12436 moveto
(7) cmr10 9.96265 fshow
-2.49065 -54.91765 moveto
(8) cmr10 9.96265 fshow
46.70396 -53.12436 moveto
(9) cmr10 9.96265 fshow
showpage
%%EOF
