%!PS
%%BoundingBox: -53 -32 53 61 
%%HiResBoundingBox: -52.58455 -31.83337 52.58455 60.17982 
%%Creator: MetaPost 0.901
%%CreationDate: 2008.08.05:1830
%%Pages: 1
%%BeginProlog
%%EndProlog
%%Page: 1 1
 0 0.99626 dtransform truncate idtransform setlinewidth pop [] 0 setdash
 1 setlinejoin 10 setmiterlimit
newpath -49.09763 -28.34645 moveto
49.09763 -28.34645 lineto
0 56.6929 lineto
 closepath stroke
 1 setlinecap
newpath -49.09763 -28.34645 moveto
24.54881 14.17322 lineto stroke
newpath 49.09763 -28.34645 moveto
-24.54881 14.17322 lineto stroke
 0.99626 0 dtransform exch truncate exch idtransform pop setlinewidth
newpath 0 56.6929 moveto
0 -28.34645 lineto stroke
 0 0.99626 dtransform truncate idtransform setlinewidth pop
newpath 2.98878 56.6929 moveto
2.98878 57.48561 2.67383 58.24576 2.11334 58.80624 curveto
1.55286 59.36673 0.79271 59.68169 0 59.68169 curveto
-0.79271 59.68169 -1.55286 59.36673 -2.11334 58.80624 curveto
-2.67383 58.24576 -2.98878 57.48561 -2.98878 56.6929 curveto
-2.98878 55.90019 -2.67383 55.14005 -2.11334 54.57956 curveto
-1.55286 54.01907 -0.79271 53.70412 0 53.70412 curveto
0.79271 53.70412 1.55286 54.01907 2.11334 54.57956 curveto
2.67383 55.14005 2.98878 55.90019 2.98878 56.6929 curveto closepath
gsave fill grestore stroke
newpath 52.08641 -28.34645 moveto
52.08641 -27.55374 51.77145 -26.7936 51.21097 -26.23311 curveto
50.65048 -25.67262 49.89034 -25.35767 49.09763 -25.35767 curveto
48.30492 -25.35767 47.54477 -25.67262 46.98428 -26.23311 curveto
46.4238 -26.7936 46.10884 -27.55374 46.10884 -28.34645 curveto
46.10884 -29.13916 46.4238 -29.8993 46.98428 -30.4598 curveto
47.54477 -31.02028 48.30492 -31.33524 49.09763 -31.33524 curveto
49.89034 -31.33524 50.65048 -31.02028 51.21097 -30.4598 curveto
51.77145 -29.8993 52.08641 -29.13916 52.08641 -28.34645 curveto closepath
gsave fill grestore stroke
newpath 27.5376 14.17322 moveto
27.5376 14.96593 27.22264 15.72607 26.66216 16.28656 curveto
26.10167 16.84705 25.34152 17.162 24.54881 17.162 curveto
23.7561 17.162 22.99596 16.84705 22.43547 16.28656 curveto
21.87498 15.72607 21.56003 14.96593 21.56003 14.17322 curveto
21.56003 13.38051 21.87498 12.62036 22.43547 12.05988 curveto
22.99596 11.49939 23.7561 11.18443 24.54881 11.18443 curveto
25.34152 11.18443 26.10167 11.49939 26.66216 12.05988 curveto
27.22264 12.62036 27.5376 13.38051 27.5376 14.17322 curveto closepath
gsave fill grestore stroke
newpath -46.10884 -28.34645 moveto
-46.10884 -27.55374 -46.4238 -26.7936 -46.98428 -26.23311 curveto
-47.54477 -25.67262 -48.30492 -25.35767 -49.09763 -25.35767 curveto
-49.89034 -25.35767 -50.65048 -25.67262 -51.21097 -26.23311 curveto
-51.77145 -26.7936 -52.08641 -27.55374 -52.08641 -28.34645 curveto
-52.08641 -29.13916 -51.77145 -29.8993 -51.21097 -30.4598 curveto
-50.65048 -31.02028 -49.89034 -31.33524 -49.09763 -31.33524 curveto
-48.30492 -31.33524 -47.54477 -31.02028 -46.98428 -30.4598 curveto
-46.4238 -29.8993 -46.10884 -29.13916 -46.10884 -28.34645 curveto closepath
gsave fill grestore stroke
newpath -21.56003 14.17322 moveto
-21.56003 14.96593 -21.87498 15.72607 -22.43547 16.28656 curveto
-22.99596 16.84705 -23.7561 17.162 -24.54881 17.162 curveto
-25.34152 17.162 -26.10167 16.84705 -26.66216 16.28656 curveto
-27.22264 15.72607 -27.5376 14.96593 -27.5376 14.17322 curveto
-27.5376 13.38051 -27.22264 12.62036 -26.66216 12.05988 curveto
-26.10167 11.49939 -25.34152 11.18443 -24.54881 11.18443 curveto
-23.7561 11.18443 -22.99596 11.49939 -22.43547 12.05988 curveto
-21.87498 12.62036 -21.56003 13.38051 -21.56003 14.17322 curveto closepath
gsave fill grestore stroke
newpath 2.98878 -28.34645 moveto
2.98878 -27.55374 2.67383 -26.7936 2.11334 -26.23311 curveto
1.55286 -25.67262 0.79271 -25.35767 0 -25.35767 curveto
-0.79271 -25.35767 -1.55286 -25.67262 -2.11334 -26.23311 curveto
-2.67383 -26.7936 -2.98878 -27.55374 -2.98878 -28.34645 curveto
-2.98878 -29.13916 -2.67383 -29.8993 -2.11334 -30.4598 curveto
-1.55286 -31.02028 -0.79271 -31.33524 0 -31.33524 curveto
0.79271 -31.33524 1.55286 -31.02028 2.11334 -30.4598 curveto
2.67383 -29.8993 2.98878 -29.13916 2.98878 -28.34645 curveto closepath
gsave fill grestore stroke
newpath 2.98878 0 moveto
2.98878 0.79271 2.67383 1.55286 2.11334 2.11334 curveto
1.55286 2.67383 0.79271 2.98878 0 2.98878 curveto
-0.79271 2.98878 -1.55286 2.67383 -2.11334 2.11334 curveto
-2.67383 1.55286 -2.98878 0.79271 -2.98878 0 curveto
-2.98878 -0.79271 -2.67383 -1.55286 -2.11334 -2.11334 curveto
-1.55286 -2.67383 -0.79271 -2.98878 0 -2.98878 curveto
0.79271 -2.98878 1.55286 -2.67383 2.11334 -2.11334 curveto
2.67383 -1.55286 2.98878 -0.79271 2.98878 0 curveto closepath
gsave fill grestore stroke
showpage
%%EOF
