%!PS
%%BoundingBox: -80 -68 81 70 
%%HiResBoundingBox: -79.61852 -67.9561 80.75243 69.09001 
%%Creator: MetaPost 0.901
%%CreationDate: 2008.08.13:1539
%%Pages: 1
%*Font: cmr10 9.96265 9.96265 31:ff8
%%BeginProlog
%%EndProlog
%%Page: 1 1
 0 0.5 dtransform truncate idtransform setlinewidth pop [] 0 setdash
 1 setlinecap 1 setlinejoin 10 setmiterlimit
newpath -79.36852 56.69205 moveto
79.36852 56.69205 lineto stroke
newpath -76.57272 23.90137 moveto
74.52408 -21.03159 lineto stroke
newpath -78.2346 -52.83698 moveto
80.50243 -56.01166 lineto stroke
newpath -56.69205 56.69205 moveto
6.80347 -54.5377 lineto stroke
newpath -56.69205 56.69205 moveto
57.82596 -55.55814 lineto stroke
newpath -11.3391 56.69205 moveto
-55.55814 -53.2905 lineto stroke
newpath -11.3391 56.69205 moveto
57.82596 -55.55814 lineto stroke
newpath 56.69205 56.69205 moveto
-55.55814 -53.2905 lineto stroke
newpath 56.69205 56.69205 moveto
6.80347 -54.5377 lineto stroke
newpath -53.70326 56.69205 moveto
-53.70326 57.48476 -54.01822 58.2449 -54.5787 58.80539 curveto
-55.13919 59.36588 -55.89934 59.68083 -56.69205 59.68083 curveto
-57.48476 59.68083 -58.2449 59.36588 -58.80539 58.80539 curveto
-59.36588 58.2449 -59.68083 57.48476 -59.68083 56.69205 curveto
-59.68083 55.89934 -59.36588 55.13919 -58.80539 54.5787 curveto
-58.2449 54.01822 -57.48476 53.70326 -56.69205 53.70326 curveto
-55.89934 53.70326 -55.13919 54.01822 -54.5787 54.5787 curveto
-54.01822 55.13919 -53.70326 55.89934 -53.70326 56.69205 curveto closepath fill
newpath -8.35031 56.69205 moveto
-8.35031 57.48476 -8.66527 58.2449 -9.22575 58.80539 curveto
-9.78624 59.36588 -10.54639 59.68083 -11.3391 59.68083 curveto
-12.1318 59.68083 -12.89195 59.36588 -13.45244 58.80539 curveto
-14.01292 58.2449 -14.32788 57.48476 -14.32788 56.69205 curveto
-14.32788 55.89934 -14.01292 55.13919 -13.45244 54.5787 curveto
-12.89195 54.01822 -12.1318 53.70326 -11.3391 53.70326 curveto
-10.54639 53.70326 -9.78624 54.01822 -9.22575 54.5787 curveto
-8.66527 55.13919 -8.35031 55.89934 -8.35031 56.69205 curveto closepath fill
newpath 59.68083 56.69205 moveto
59.68083 57.48476 59.36588 58.2449 58.80539 58.80539 curveto
58.2449 59.36588 57.48476 59.68083 56.69205 59.68083 curveto
55.89934 59.68083 55.13919 59.36588 54.5787 58.80539 curveto
54.01822 58.2449 53.70326 57.48476 53.70326 56.69205 curveto
53.70326 55.89934 54.01822 55.13919 54.5787 54.5787 curveto
55.13919 54.01822 55.89934 53.70326 56.69205 53.70326 curveto
57.48476 53.70326 58.2449 54.01822 58.80539 54.5787 curveto
59.36588 55.13919 59.68083 55.89934 59.68083 56.69205 curveto closepath fill
newpath -27.09254 10.07582 moveto
-27.09254 10.86853 -27.4075 11.62868 -27.96799 12.18916 curveto
-28.52847 12.74965 -29.28862 13.0646 -30.08133 13.0646 curveto
-30.87404 13.0646 -31.63419 12.74965 -32.19467 12.18916 curveto
-32.75516 11.62868 -33.07011 10.86853 -33.07011 10.07582 curveto
-33.07011 9.28311 -32.75516 8.52296 -32.19467 7.96248 curveto
-31.63419 7.402 -30.87404 7.08704 -30.08133 7.08704 curveto
-29.28862 7.08704 -28.52847 7.402 -27.96799 7.96248 curveto
-27.4075 8.52296 -27.09254 9.28311 -27.09254 10.07582 curveto closepath fill
newpath 2.97731 1.13408 moveto
2.97731 1.92679 2.66235 2.68694 2.10187 3.24742 curveto
1.54138 3.8079 0.78123 4.12286 -0.01147 4.12286 curveto
-0.80418 4.12286 -1.56433 3.8079 -2.12482 3.24742 curveto
-2.6853 2.68694 -3.00026 1.92679 -3.00026 1.13408 curveto
-3.00026 0.34137 -2.6853 -0.41878 -2.12482 -0.97926 curveto
-1.56433 -1.53975 -0.80418 -1.8547 -0.01147 -1.8547 curveto
0.78123 -1.8547 1.54138 -1.53975 2.10187 -0.97926 curveto
2.66235 -0.41878 2.97731 0.34137 2.97731 1.13408 curveto closepath fill
newpath 31.02147 -7.20604 moveto
31.02147 -6.41333 30.70651 -5.65318 30.14603 -5.0927 curveto
29.58554 -4.53221 28.8254 -4.21725 28.03268 -4.21725 curveto
27.23997 -4.21725 26.47983 -4.53221 25.91934 -5.0927 curveto
25.35886 -5.65318 25.0439 -6.41333 25.0439 -7.20604 curveto
25.0439 -7.99875 25.35886 -8.7589 25.91934 -9.31938 curveto
26.47983 -9.87987 27.23997 -10.19482 28.03268 -10.19482 curveto
28.8254 -10.19482 29.58554 -9.87987 30.14603 -9.31938 curveto
30.70651 -8.7589 31.02147 -7.99875 31.02147 -7.20604 curveto closepath fill
newpath -52.56935 -53.2905 moveto
-52.56935 -52.49779 -52.88431 -51.73764 -53.4448 -51.17715 curveto
-54.00528 -50.61667 -54.76543 -50.30171 -55.55814 -50.30171 curveto
-56.35085 -50.30171 -57.111 -50.61667 -57.67148 -51.17715 curveto
-58.23196 -51.73764 -58.54692 -52.49779 -58.54692 -53.2905 curveto
-58.54692 -54.0832 -58.23196 -54.84335 -57.67148 -55.40384 curveto
-57.111 -55.96432 -56.35085 -56.27928 -55.55814 -56.27928 curveto
-54.76543 -56.27928 -54.00528 -55.96432 -53.4448 -55.40384 curveto
-52.88431 -54.84335 -52.56935 -54.0832 -52.56935 -53.2905 curveto closepath
 fill
newpath 9.79225 -54.5377 moveto
9.79225 -53.745 9.4773 -52.98485 8.91681 -52.42436 curveto
8.35632 -51.86388 7.59618 -51.54892 6.80347 -51.54892 curveto
6.01076 -51.54892 5.25061 -51.86388 4.69012 -52.42436 curveto
4.12964 -52.98485 3.81468 -53.745 3.81468 -54.5377 curveto
3.81468 -55.33041 4.12964 -56.09056 4.69012 -56.65105 curveto
5.25061 -57.21153 6.01076 -57.52649 6.80347 -57.52649 curveto
7.59618 -57.52649 8.35632 -57.21153 8.91681 -56.65105 curveto
9.4773 -56.09056 9.79225 -55.33041 9.79225 -54.5377 curveto closepath fill
newpath 60.81474 -55.55814 moveto
60.81474 -54.76543 60.49979 -54.00528 59.9393 -53.4448 curveto
59.37881 -52.88431 58.61867 -52.56935 57.82596 -52.56935 curveto
57.03325 -52.56935 56.2731 -52.88431 55.71262 -53.4448 curveto
55.15213 -54.00528 54.83717 -54.76543 54.83717 -55.55814 curveto
54.83717 -56.35085 55.15213 -57.111 55.71262 -57.67148 curveto
56.2731 -58.23196 57.03325 -58.54692 57.82596 -58.54692 curveto
58.61867 -58.54692 59.37881 -58.23196 59.9393 -57.67148 curveto
60.49979 -57.111 60.81474 -56.35085 60.81474 -55.55814 curveto closepath fill
-59.1827 62.66962 moveto
(1) cmr10 9.96265 fshow
-13.82974 62.66962 moveto
(2) cmr10 9.96265 fshow
54.2014 62.66962 moveto
(3) cmr10 9.96265 fshow
-32.57198 -2.32214 moveto
(4) cmr10 9.96265 fshow
-2.50212 -11.26389 moveto
(5) cmr10 9.96265 fshow
25.54204 -1.22847 moveto
(6) cmr10 9.96265 fshow
-58.04878 -65.68846 moveto
(7) cmr10 9.96265 fshow
4.31282 -66.93567 moveto
(8) cmr10 9.96265 fshow
55.33531 -67.9561 moveto
(9) cmr10 9.96265 fshow
showpage
%%EOF
